22.17329940533338,-12.149136171021214
22.175362083086497,-12.13318603808479
22.181985859818315,-12.100809754266276
22.18844069554654,-12.069358415951868
22.194724822219875,-12.038844789262082
22.200836481509988,-12.0092815061955
22.20677392433372,-11.980681063529186
22.212535412315997,-11.953055811429108
22.2181192193198,-11.926417941648651
22.223523633044437,-11.900779475310788
22.22874695669358,-11.876152250268898
22.233787510714034,-11.852547908044263
22.238643634606472,-11.829977880336754
22.243313688809163,-11.80845337510799
22.247796056655506,-11.787985362236272
22.25208914640629,-11.76858455874406
22.256191393357273,-11.750261413599926
22.260101262022584,-11.733026092098413
22.2638172483944,-11.716888459822405
22.26733788227904,-11.701858066194026
22.270661729709534,-11.687944127622107
22.27378739543452,-11.675155510255367
22.276713525482965,-11.663500712353342
22.27943880980432,-11.652987846286967
22.281961984983006,-11.643624620185877
22.284281837026374,-11.635418319247778
22.286397204224524,-11.628375786731132
22.288306980080517,-11.622503404652003
22.290010116308846,-11.617807074209873
22.29150562589993,-11.614292195969172
22.29279258624804,-11.61196364982556
22.293870142339536,-11.610825774789644
22.29473750999812,-11.610882348622575
22.295393979183412,-11.612136567361015
22.29583891733855,-11.614591024772277
22.296071772782323,-11.618247691783122
22.296092078140866,-11.623107895928014
22.29589945381338,-11.629172300866847
22.295493611466153,-11.636440886023356
22.294874357548302,-11.644912926400746
22.294041596822648,-11.654586972631444
22.29299533590432,-11.665460831322289
22.29173568679933,-11.677531545759098
22.290262870434983,-11.690795377036622
22.288577220173224,-11.705247785683149
22.28667918529803,-11.720883413850459
22.284569334466976,-11.73769606814323
22.282248359116927,-11.75567870316361
22.279717076813473,-11.774823405847528
22.27697643453307,-11.795121380672027
22.274027511866503,-11.816562935814252
22.270871524132076,-11.839137470342282
22.267509825386373,-11.862833462520111
22.263943911320396,-11.887638459307906
22.260175422028208,-11.913539067140182
22.256206144635392,-11.94052094406213
22.252038015774325,-11.968568793303852
22.247673123892863,-11.997666358371877
22.24311371138343,-12.027796419732997
22.238362176519086,-12.058940793164993
22.233421075183372,-12.091080329844322
22.228293122380784,-12.124194918238164
22.222981193515047,-12.158263487862333
22.21748832542226,-12.19326401496468
22.211817717146847,-12.229173530184243
22.205972730448007,-12.265968128235077
22.19995689002551,-12.303622979652664
22.193773883453687,-12.342112344637462
22.187427560813514,-12.38140958902037
22.180921934013153,-12.42148720236816
22.174261175788242,-12.462316818237944
22.16744961837428,-12.503869236580341
22.160491751844038,-12.54611444828324
22.15339222210431,-12.58902166183759
22.146155828547357,-12.632559332096596
22.138787521353677,-12.676695191089722
22.13129239844346,-12.721396280845354
22.12367570207658,-12.766628988159743
22.115942815100787,-12.81235908124791
22.108099256850565,-12.858551748194785
22.100150678699816,-12.905171637118807
22.09210285927301,-12.95218289795071
22.08396169932154,-12.999549225717956
22.07573321627262,-13.047233905220628
22.067423538460424,-13.095199856972053
22.059038899050076,-13.143409684272962
22.050585629666994,-13.191825721277604
22.04207015374506,-13.240410081907562
22.033498979609014,-13.289124709459372
22.024878693307357,-13.337931426750352
22.016215951213628,-13.386791986640935
22.007517472415092,-13.43566812276963
21.998790030908633,-13.484521600335707
21.990040447625233,-13.533314266761304
21.981275582305024,-13.582008102066172
21.972502325245575,-13.630565268789518
21.963727588947112,-13.67894816129428
21.954958299678744,-13.72711945429259
21.946201388990172,-13.77504215043558
21.93746378519379,-13.822679626815304
21.928752404842136,-13.869995680232272
21.920074144225946,-13.916954571088466
21.911435870917458,-13.963521065775053
21.90284441538405,-14.00966047742925
21.894306562696336,-14.055338704946793
21.885829044354672,-14.100522270143982
21.877418530257366,-14.14517835297406
21.869081620832976,-14.189274824713404
21.860824839358507,-14.232780279042988
21.85265462448393,-14.275664060963182
21.844577322982875,-14.317896293489152
21.836599182747868,-14.359447902086924
21.828726346047148,-14.400290636821673
21.820964843059343,-14.44039709219889
21.813320585700033,-14.479740724693514
21.805799361753827,-14.518295867968813
21.798406829323213,-14.556037745800776
21.791148511604533,-14.592942482731674
21.784029791999718,-14.628987112486326
21.777055909570823,-14.664149584194451
21.770231954843258,-14.698408766469067
21.76356286596151,-14.731744449401505
21.757053425200276,-14.764137344537833
21.75070825583218,-14.795569082909797
21.7445318193518,-14.826022211198957
21.738528413054652,-14.855480186116854
21.732702167968167,-14.883927367089758
21.727057047130643,-14.911349007339277
21.72159684421291,-14.93773124345359
21.71632518247651,-14.963061083545856
21.711245514060774,-14.987326394098957
21.70636111959078,-15.010515885595572
21.701675108096797,-15.032619097033834
21.697190417235383,-15.053626379428385
21.692909813801364,-15.073528878396003
21.688835894519624,-15.09231851592299
21.68497108710457,-15.10998797141172
21.681317651575316,-15.126530662099096
21.677877681813705,-15.1419407229393
21.67465310735237,-15.156212986039135
21.671645695379567,-15.169342959731626
21.66885705294748,-15.181326807369997
21.666288629370715,-15.192161325920043
21.663941718801247,-15.20184392442677
21.661817462966848,-15.210372602424187
21.659916854059357,-15.217745928356711
21.658240737759947,-15.223963018073082
21.656789816388216,-15.229023513452379
21.65556465216261,-15.232927561215396
21.65456567055976,-15.235675791971433
21.65379316376056,-15.237269299546481
21.653247294171404,-15.237709620634567
21.65292809800919,-15.236998714809388
21.652835488939193,-15.235138944930721
21.65296926175528,-15.232133057975258
21.653329096092552,-15.22798416631804
21.653914560162512,-15.222695729488331
21.654725114502106,-15.216271536417885
21.655760115727475,-15.208715688199733
21.65701882028464,-15.200032581369326
21.65850038818921,-15.19022689171927
21.66020388674789,-15.179303558655647
21.66212829425519,-15.167267770100182
21.664272503658786,-15.154124947942764
21.66663532618805,-15.139880734043114
21.669215494939976,-15.12454097678252
21.672011668417873,-15.108111718160787
21.67502243401815,-15.090599181434925
21.678246311461102,-15.072009759292454
21.68168175616203,-15.052350002552465
21.685327162539345,-15.031626609384979
21.689180867256667,-15.009846415039275
21.69324115239641,-14.987016382069736
21.697506248562483,-14.96314359104809
21.701974337910215,-14.938235231749271
21.706643557101856,-14.912298594798276
21.711512000186296,-14.885341063763976
21.716577721401922,-14.857370107686737
21.72183873790178,-14.828393274025027
21.727293032400453,-14.798418182007056
